35
14
20
16
21
4
9
31
35
7
18
41
22
34
28
20
9
29
48
40
36
29
16
42
17
46
4
46
33
22
26
12
6
23
14
45
46
49
18
21
34
28
10
37
48
49
9
31
1
28
48
37
16
36
36
46
35
16
10
22
23
6
35
40
34
11
39
12
16
7
29
6
20
48
33
44
30
40
27
20
20
17
1
17
22
26
10
39
1
7
44
19
47
30
39
7
50
8
38
12
20
35
47
27
41
31
33
10
27
11
28
22
2
45
35
9
3
33
43
6
46
1
18
25
29
9
42
28
22
6
33
32
20
29
14
29
11
43
44
38
1
49
7
34
38
29
37
35
49
29
42
34
27
27
4
8
3
40
33
13
31
22
44
28
19
20
28
4
16
41
24
38
36
40
47
33
4
29
13
48
34
36
6
26
40
9
40
8
3
18
24
7
33
14
18
3
2
7
24
49
6
31
40
12
50
17
18
3
29
22
11
29
46
2
28
22
5
41
33
6
40
4
20
33
50
3
21
34
8
32
3
42
7
36
32
35
22
20
7
13
7
13
50
2
35
29
30
49
34
26
24
21
16
50
12
37
14
15
43
35
39
22
1
3
11
12
15
40
47
39
34
10
35
50
24
8
1
44
34
32
16
50
33
9
11
23
42
2
49
16
16
30
26
27
17
30
16
50
15
24
22
4
26
30
28
10
27
35
49
21
35
21
18
24
27
26
8
37
28
8
2
22
25
43
27
4
40
20
49
36
13
41
9
27
43
1
45
30
38
19
38
27
6
21
29
50
9
14
10
27
42
1
11
31
45
28
7
49
36
47
46
46
43
46
39
24
29
34
25
26
18
9
40
37
29
32
7
47
49
44
17
7
46
39
49
16
22
28
2
46
16
25
29
15
48
23
49
28
19
13
32
35
3
31
32
33
29
17
38
32
19
36
40
26
20
47
43
5
36
12
28
39
49
39
36
41
31
8
23
49
23
42
36
38
41
30
28
3
44
2
19
40
22
2
43
10
36
44
17
36
25
48
44
17
44
21
46
4
50
34
18
14
3
13
20
36
34
42
31
22
47
10
26
12
32
7
47
6
46
6
41
50
35
23
18
30
40
27
48
24
10
4
28
10
16
40
24
36
14
2
14
49
27
41
38
38
32
30
27
33
3
33
17
38
50
48
18
33
20
9
40
18
41
14
33
9
41
16
35
25
7
37
22
19
48
1
18
37
14
35
46
14
16
6
5
27
38
3
27
32
46
20
31
17
20
35
11
8
31
22
36
23
35
40
19
38
32
19
41
10
21
38
22
30
38
2
2
10
42
18
19
30
4
12
50
5
41
12
44
49
28
43
49
2
24
38
6
38
42
19
8
49
37
16
11
8
10
9
17
28
24
47
27
34
3
35
39
27
16
46
20
34
5
34
41
24
4
16
12
25
4
15
26
9
12
6
42
42
16
32
25
37
24
21
16
37
25
50
28
34
9
10
34
45
37
4
41
47
31
50
28
44
23
7
46
20
36
3
19
26
4
9
21
15
12
20
11
49
28
37
47
29
6
7
1
16
18
16
11
17
45
3
6
12
14
2
38
11
36
43
35
27
27
15
6
37
48
37
17
10
9
6
49
49
42
43
7
4
46
21
33
15
5
40
40
17
2
39
48
15
27
4
16
30
10
30
20
47
41
45
6
26
41
5
30
48
4
49
8
30
46
5
5
1
20
17
34
13
6
50
32
10
48
26
20
33
22
11
25
13
24
39
10
10
42
45
32
33
5
41
16
25
33
2
50
38
13
31
6
20
13
50
2
39
31
29
48
49
28
27
42
20
28
49
36
15
27
28
8
18
9
50
13
20
50
32
37
20
49
41
2
9
37
19
10
24
39
12
17
50
48
40
36
22
8
49
43
5
40
45
28
24
1
26
24
28
12
22
35
21
50
13
37
23
16
12
22
50
42
34
40
39
14
38
26
47
31
38
10
34
22
1
39
27
29
13
14
15
2
47
26
25
32
1
16
19
26
6
33
1
14
21
47
47
16
12
11
23
9
39
13
50
39
35
38
50
42
33
8
16
48
27
19
2
38
3
12
34
4
46
7
19
4
45
29
3
7
16
32
32
28
17
11
11
18
2
23
40
4
13
34
14
35
31
38
36
37
42
14
2
4
43
46
7
8
41
32
29
37
3
40
14
25
12
6
26
30
29
20
45
41
19
18
34
14
4
40
9
35
20
8
23
21
49
9
26
3
44
20
5
34
33
15
15
25
43
44
27
21
36