50
34
45
30
10
30
36
15
22
44
44
44
21
6
41
25
8
31
1
21
32
9
23
37
32
41
34
7
8
25
22
17
16
1
18
39
31
27
20
38
34
3
9
44
37
33
8
30
3
29
19
17
10
11
38
48
7
50
15
11
42
21
49
15
40
6
49
31
2
38
28
44
4
50
6
15
44
25
30
30
43
3
23
45
14
7
20
31
30
30
44
20
29
16
24
6
23
32
48
29
4
9
21
17
40
41
6
12
42
30
2
2
45
12
21
13
5
1
36
21
1
10
38
23
44
33
19
31
35
50
4
15
42
30
49
41
31
24
3
41
44
2
13
11
11
43
27
24
18
38
5
1
40
11
12
19
24
12
37
45
45
32
31
43
49
3
9
27
39
20
22
27
2
46
41
43
15
36
30
33
2
44
30
36
31
17
46
15
34
15
26
14
27
28
27
31
5
12
40
15