34
7
28
34
11
43
44
8
17
3
27
50
35
1
15
11
33
13
9
13
26
37
41
20
4
32
1
30
28
32
10
13
35
28
50
6
9
10
15
9
22
44
23
26
48
15
7
11
35
3
42
14
38
30
20
32
9
8
46
27
3
7
30
26
23
41
29
11
41
21
13
42
40
10
6
30
47
25
6
7
33
7
42
22
37
18
40
3
42
33
3
28
30
19
47
18
25
47
16
43
29
28
38
44
32
25
11
25
1
4
8
42
33
40
43
10
12
49
23
40
28
27
17
44
45
13
13
4
50
41
17
2
10
43
7
40
13
49
29
43
2
4
29
1
2
25
26
9
2
28
31
40
37
36
2
31
10
24
43
10
7
5
37
20
25
48
16
12
47
17
42
14
37
4
32
49
20
41
20
43
31
44
5
26
12
30
14
45
29
24
19
50
29
30
23
11
44
39
46
28
3
32
49
25
13
8
7
37
18
46
31
11
18
10
23
50
24
16
27
44
27
27
5
40
31
38
49
49
38
47
22
50
1
2
38
20
29
22
24
30
33
14
3
1
16
28
38
1
50
32
50
22
36
17
20
28
37
17
10
20
19
27
37
44
19
27
47
20
1
30
45
43
30
8
18
44
22
43
49
39
13
50
45
39
19
16
18
22
1
39
28
6
48
42
34
14
33
25
6
9
14
12
17
26
13
41
27
24
50
7
20
17
21
28
25
27
3
27
20
21
2
13
34
33
4
1
10
42
16
13
40
19
32
3
8
37
47
6
21
21
6
13
15
30
19
33
48
18
6
44
17
1
5
1
44
9
22
26
15
20
32
41
44
12
43
47
14
30
18
1
15
27
33
1
23
47
29
19
39
28
7
9
23
30
28
28
19
16
17
36
43
2
27
28
6
34
15
6
48
16
17
36
17
34
11
26
5
12
16
19
12
43
16
48
42
8
38
47
20
42
16
34
12
27
20
46
26
48
4
8
7
38
15
1
15
34
49
37
7
4
49
12
37
12
35
38
31
35
14
43
4
31
12
23
45
44
26
16
15
47
17
30
30
43
8
16
23
19
24
15
38
42
3
43
46
12
43
19
37
44
16
6
46
37
26
16
25
47
7
47
46
4
4
3
37
38
13
47
14
2
7
45
50
36
40
2
36
8
42
7
14
13
24
38
14
5
40
42
14
31
38
22
5
2
22
18
11
41
49
38
27
19
20
39
3
26
28
32
9
36
18
22
43
6
3
15
18
23
31
34
8
37
14
40
5
18
14
7
25
25
9
39
49
18
18
47
47
49
32
9
41
27
1
29
3
48
23
11
8
35
14
47
12
32
25
7
49
49
28
6
42
19
32
37
3
41
40
40
41
42
23
25
29
26
23
35
25
3
10
31
16
32
32
34
23
17
49
17
39
40
23
15
1
7
26
49
10
19
17
10
8
44
49
1
42
14
46
18
7
30
36
34
30
4
29
23
45
21
45
28
40
40
37
39
30
43
4
39
50
31
50
14
14
16
34
38
25
32
1
2
21
31
23
24
14
25
24
8
2
30
29
4
28
47
24
19
49
31
38
20
6
11
32
19
33
38
24
2
4
50
38
14
1
15
15
3
3
7
8
13
16
43
33
42
30
11
38
29
18
16
24
29
4
14
44
3
26
20
16
12
48
42
18
24
38
11
21
33
42
45
40
13
44
18
50
33
16
9
21
11
19
27
11
22
18
13
25
5
33
22
42
37
44
42
5
30
1
33
45
49
14
5
26
16
50
38
14
10
30
13
1
39
25
1
16
24
16
48
29
18
12
22
37
40
6
10
11
10
32
7
46
7
32
24
10
41
45
44
7
12
31
5
21
7
4
30
7
26
9
1
50
35
13
1
12
2
34
19
36
24
34
15
33
37
40
43
9
46
6
42
13
24
23
36
41
12
48
35
34
8
26
19
30
6
32
6
32
40
50
12
23
12
38
3
23
18
45
32
38
31
16
50
14
23
49
27
9
19
22
28
27
43
45
21
9
44
50
35
16
46
50
20
21
46
45
2
24
25
19
17
27
46
28
23
18
43
17
27
1
47
35
42
21
48
15
29
33
44
33
3
28
3
6
45
30
15
34
45
12
25
19
8
43
30
33
2
14
11
48
10
27
17
5
30
12
18
39
31
3
28
10
30
36
37
47
5
8
40
35
33
7
8
43
19
46
36
27
11
12
14
20
20
16
5
16
49
39
39
38
31
31
29
4
24
30
40
10
3
50
32
10
44
46
32
14
30
17
2
27
2
14
15
19
2
43
28
42
5
20
20
3
17
3
6
7
36
22
20
16
14
4
11
45
34
3
14
29
44
8
20
38
39
18
6
26
32
26
14
12
38
2
47
11
50
19
18
31
4
23
7
47
49
42
9
48
31
3
2
31
44
1
40
32
47
10
14
17
18
15
38
15
50
2
40
14
42
50
37
42
5
25
12
12
39
18
30
31
13
26
21
19
22
32
43
38
13
24
8
1
14
8
33
28
45
24
22
35
41
24
16
5
14
32
5
50
37
50
21
2
19
1
47
6
21
7
45
22
22
15
9
2
43
27
21
15
25
9
4
17
50
50
45
17
33
2
3
33
37
24
17
17
15
27
19
32
49
39
40
43
9
42
13
17
1
18
33
43
19
7
46
9
23
11
49
40
41
22
50
30
5
36
50
44
5
49
6
34
4
39
24
2
35
24
1
10
45
47
34
43
1
19
44
27
1
48
25
19
2
34
46
43
22
40
13
20
30
15
46
24
50
5
49
28
35
1
40
8
25
33
3
22
12
37
42
25
5
16
41
32
7
19
16
1
38
38
37
42
13
22
11
45
50
29
19
33
39
41
28
11
20
15
35
36
47
30
33
15
26
21
32
30
19
14
17
35
44
9
2
31
30
12
17
8
16
8
39
14
37
10
2
46
47
24
24
9
50
2
35
41
16
49
42
10
45
5
25
32
23
36
3
44
40
43
50
4
21
36
4
47
35
20
38
38
4
9
4
20
39
31
44
9
18
14
33
9
38
5
3
17
8
35
10
41
27
7
31
42
13
34
10
19
17
39
43
36
1
47
37
44
49
27
23
47
9
29
21
25
15
50
7
44
2
17
12
26
31
18
39
33
10
31
11
33
32
46
26
45
2
4
17
47
40
28
39
17
5
39
49
19
4
42
28
14
31
5
38
40
35
13
6
28
10
19
21
18
10
26
14
29
46
48
23
6
20
47
28
44
5
30
9
42
16
49
41
4
4
14
5
11
34
5
45
40
24
11
5
27
39
11
49
48
20
10
12
28
23
40
8
10
40
18
2
42
5
40
14
7
27
6
1
36
30
17
1
43
18
40
32
38
4
2
17
11
8
13
30
10
16
9
41
19
44
41
40
16
22
7
10
24
1
23
20
26
29
3
44
45
11
43
46
22
1
28
25
19
5
31
36
42
32
30
23
22
22
44
9
49
49
27
49
3
49
39
40
20
25
39
35
43
44
16
40
6
34
27
11
20
27
29
41
36
42
45
27
14
44
23
19
5
20
28
27
50
47
5
41
18
45
21
37
17
27
49
7
43
46
19
13
14
6
46
49
20
37
42
48
1
2
20
31
40
15
8
44
23
9
19
38
29
3
43
6
34
21
42
31
40
7
21
32
46
5
44
23
38
31
14
26
25
41
45
44
39
43
43
37
39
35
50
37
42
49
24
12
13
41
33
39
34
15
8
24
37
50
25
48
38
10
1
22
12
41
47
9
18
34
19
5
30
49
42
12
11
42
34
9
28
43
39
48
34
11
4
11
30
30
22
3
24
12
11
43
44
16
16
19
39
1
2
44
1
11
12
25
41
39
21
50
18
22
48
19
8
33
31
39
27
42
42
10
5
22
42
8
38
40
17
43
45
25
41
24
26
20
16
23
23
1
49
14
16
10
25
22
2
28
40
9
2
23
43
5
11
6
2
44
16
34
24
17
28
16
48
39
7
36
16
21
20
21
19
36
48
38
10
31
30
30
32
38
39
40
3
31
43
35
18
26
37
34
39
40
35
26
39
38
16
14
6
16
38
6
38
17
48
31
45
37
12
44
42
46
50
18
32
44
32
39
42
24
7
13
9
3
30
48
40
2
47
5
49
24
31
1
17
25
1
5
15
11
46
24
15
19
35
12
32
46
11
44
47
27
29
21
42
25
7
4
33
25
44
28
13
5
34
7
35
12
25
44
30
38
34
5
26
32
11
36
32
2
10
42
25
10
50
28
26
22
36
14
5
14
43
36
31
34
24
38
41
39
16
6
44
21
26
15
9
9
13
4
43
7
22
43
14
21
38
47
24
40
33
2
37
32
26
20
13
9
34
42
19
17
23
48
34
28
6
49
46
24
40
27
6
35
37
26
34
17
1
14
49
35
4
4
26
16
50
18
30
49
10
20
4
17
16
35
6
46
25
21
31
24
29
16
2
14
21
2
39
5
10
41
14
17
16
7
22
10
33
49
27
42
14
29
9
40
39
1
33
31
49
37
5
15
13
28
15
28
45
21
24
32
36
30
19
13
45
7
37
1
5
1
24
2
40
37
35
48
33
42
45
25
44
49
1
50
29
8
6
34
43
44
5
45
19
7
33
47
35
13
11
13
24
1
44
44
46
29
40
28
22
22
49
32
15
8
30
20
35
49
47
44
33
15
44
10
30
43
27
11
20
14
50
40
5
33
25
27
40
43
25
28
10
10
2
47
18
2
33
45
10
27
21
21
7
25
48
26
11
11
23
2
17
24
1
44
29
27
8
11
3
38
36
6
16
19
41
11
24
44
31
36
18
33
37
47
8
8
42
21
41
36
30
13
24
13
14
34
27
32
28
49
2
48
31
29
17
24
23
44
35
22
18
16
4
25
12
6
42
8
8
8
32
4
7
37
8
26
45
3
45
17
30
11
30
5
28
5
22
11
3
45
12
49
5
6
3
35
44
8
24
41
49
7
36
35
31
41
6
32
34
35
19
32
28
13
24
37
18
46
42
10
31
36
17
36
47
30
20
42
19
22
21
35
31
44
49
10
14
17
6
3
43
48
38
39
43
6
34
46
47
8
35
19
29
3
34
39
23
9
2
1
5
21
4
49
38
23
30
49
35
46
40
8
22
11
15
39
7
14
14
32
35
14
16
30
42
2
40
27
2
6
8
30
50
1
22
3
24
22
50
31
19
40
45
43
43
40
9
42
44
49
32
5
45
41
25
23
14
21
8
19
38
42
9
13
34
10
35
26
8
30
20
49
1
16
21
15
2
26
17
9
3
1
24
38
16
37
45
43
36
25
17
2
2
45
47
26
21
3
13
36
12
47
15
37
43
1
45
13
36
34
42
25
44
26
5
39
31
28
50
39
6
31
18
23
32
10
12
13
2
5
3
20
6
37
20
29
12
37
17
45
16
12
29
50
6
47
11
25
29
43
44
21
13
17
13
11
41
32
25
43
28
38
7
16
31
6
40
49
25
1
16
6
14
43
19
15
5
43
44
9
40
24
7
32
12
40
21
25
18
4
44
13
17
18
15
43
2
10
3
35
45
32
2
31
15
19
38
1
38
23
29
14
35
13
42
13
16
31
12
13
34
15
26
5
21
33
3
6
37
4
27
29
18
16
6
2
20
32
44
6
35
49
16
28
40
47
20
26