18
7
44
50
25
2
32
49
28
30
37
9
26
14
24
3
19
11
21
8
7
13
38
4
37
21
17
32
22
32
5
21
38
14
29
33
22
7
27
14
15
47
38
20
20
16
36
5
41
28
46
27
1
43
7
35
33
24
16
42
8
22
32
46
11
50
18
29
26
40
48
8
6
18
35
33
4
38
18
42
29
22
24
39
24
24
7
4
14
24
24
32
10
35
34
9
45
16
15
30
44
25
9
5
34
18
26
3
2
15
8
24
46
4
31
19
18
41
30
45
15
3
13
38
10
41
21
21
44
49
18
17
34
47
40
37
14
11
18
25
44
39
11
35
15
33
25
32
31
49
50
6
27
15
22
50
48
9
10
28
8
15
34
10
5
15
10
15
42
39
25
13
49
48
46
21
4
13
18
13
10
40
33
17
39
30
4
46
36
9
50
12
46
35
21
27
31
30
5
2
47
10
33
23
6
8
14
50
12
35
49
11
50
47
2
29
15
7
17
38
28
20
27
17
43
9
36
27
40
12
7
42
44
44
26
43
6
30
34
4
8
31
38
34
6
43
32
24
14
43
24
40
22
15
33
9
10
10
23
8
42
27
36
50
16
30
34
12
48
5
35
33
28
11
47
5
48
43
4
29
30
14
42
46
40
4
6
32
34
30
24
23
31
38
24
2
50
27
23
40
36
26
16
18
18
3
21
6
4
9
46
20
50
18
48
23
26
47
22
29
32
28
24
26
15
9
23
28
24
11
48
43
47
9
29
16
19
31
5
43
19
39
27
29
46
14
6
25
9
30
12
14
42
13
10
33
35
20
45
7
47
21
30
4
40
31
43
22
23
10
39
15
34
6
19
45
35
21
12
39
27
32
20
6
1
3
41
1
10
35
17
42
2
38
23
21
46
17
17
7
17
8
37
19
6
11
7
13
41
21
14
19
26
25
4
41
7
42
17
27
39
39
3
14
15
27
48
26
3
36
14
13
14
44
39
45
42
2
29
44
11
35
29
32
13
38
23
34
33
48
26
22
30
20
31
37
37
8
9
39
24
21
38
5
3
39
44
21
14
22
39
4
8
49
18
38
45
25
20
42
50
10
19
41
4
2
34
28
35
21
24
17
47
27
27
1
23
36
11
49