49
29
27
42
34
23
24
3
29
31
9
4
45
27
42
14
11
10
14
30
10
8
4
37
16
4
10
22
45
47
24
8
29
10
11
36
7
14
23
14
6
37
6
12
12
21
43
23
37
25
18
46
33
7
45
10
47
31
39
3
14
22
49
39
3
43
27
13
45
33
35
1
6
19
18
31
5
45
24
36
36
44
23
19
20
39
18
21
41
34
14
47
48
39
23
18
48
37
12
22
1
35
20
7
15
4
6
47
1
3
8
43
12
27
10
15
44
40
30
31
23
32
29
26
30
12
19
8
17
50
50
1
28
30
34
33
45
27
40
35
43
34
43
37
32
19
2
20
22
28
38
4
5
28
4
28
47
28
4
21
27
1
28
28
24
18
31
37
16
34
1
34
34
10
24
9
2
47
36
8
38
48
34
17
41
21
2
4
48
25
32
5
13
24
14
41
42
38
48
21
13
15
40
35
8
20
20
9
24
25
39
36
22
37
44
4
39
17
16
16
36
3
9
19
42
47
32
15
25
29
16
14
6
5
19
44
16
37
2
21
34
6
4
10
1
8
4
48
1
48
47
5
11
46
22
4
4
43
27
42
46
35
40
2
29
9
22
44
25
42
33
1
32
49
50
12
15
7
15
25
8
25
29
12
15
1
14
35
38
2
46
39
22
33
1
10
6
25
18
18